9
0
10
16
4
210
2
11
220
226
90
128
326
26
403
219
81
45
12
263
102
512
179
515
31
140
18
15
165
60
223
246
462
410
393
182
62
35
19
513
87
14
231
795
627
50
559
479
571
158
255
331
24
270
41
787
227
194
1
175
92
376
96
84
547
3
335
198
7
241
264
51
494
247
152
106
514
39
536
583
170
896
20
68
766
472
103
595
266
334
527
22
63
94
1143
29
8
21
88
422
74
73
221
785
78
817
937
248
244
982
254
216
1702
82
371
268
123
105
801
64
129
142
36
1340
860
550
1017
353
669
267
870
1264
83
1053
418
692
992
61
532
408
57
385
533
1988
133
13
238
402
89
56
1127
1128
927
38
296
968
287
1082
2002
382
456
261
355
995
300
981
521
28
1098
445
190
502
125
1118
262
43
86
838
249
417
59
91
47
703
314
260
151
49
27
620
667
259
492
71
368
69
474
252
1018
160
1099
633
33
291
97
1296
107
589
467
154
258
143
137
531
534
406
727
592
642
242
217
72
365
1526
411
117
104
295
655
1000
305
42
440
201
180
183
523
629
491
610
412
162
2156
2052
279
632
228
885
463
1152
1348
232
5
602
640
654
130
461
46
1245
373
543
542
468
229
119
1845
511
775
1388
615
404
482
2027
6
1547
1110
396
282
360
55
224
324
237
1227
1604
577
974
427
1100
196
1747
438
1357
1224
1007
770
1144
362
233
1011
271
384
496
501
310
277
215
685
638
591
1998
95
561
539
176
1014
741
121
75
810
2500
1132
673
48
37
804
250
653
191
783
213
284
1341
53
54
448
953
484
345
464
148
443
711
1015
648
369
1888
758
312
516
1774
135
2529
222
318
166
203
960
93
44
274
299
597
1403
188
289
976
465
297
187
646
556
868
377
606
990
485
972
754
478
374
1530
618
714
505
285
650
970
609
659
430
739
120
558
658
1103
205
1042
147
100
1985
2201
432
349
617
814
419
2334
2601
893
740
1693
696
910
604
1350
1268
145
208
319
852
1147
816
601
916
1962
150
338
908
1986
1984
895
529
394
674
273
65
139
99
884
510
1253
593
498
718
1515
802
726
2009
2067
1405
476
582
676
671
596
2113
425
973
399
1044
116
538
161
544
788
517
742
875
278
306
101
724
555
343
1102
535
395
800
812
552
1532
588
293
522
599
1746
1512
820
1740
984
256
1129
1359
1978
864
1052
1236
670
709
350
847
23
375
1111
1977
386
1641
880
1164
560
769
230
328
348
363
1031
163
446
760
1181
447
1254
1162
1518
25
855
951
907
1073
2170
889
796
2057
66
1639
693
184
204
337
652
1555
364
719
1302
471
1012
845
405
336
2591
598
52
1142
869
1094
857
784
1732
1059
390
849
2186
423
1036
192
518
1231
1186
890
2636
1116
886
786
980
441
1957
489
378
1048
449
663
867
858
1086
2068
367
134
1060
1583
957
1332
495
2020
1096
98
1375
738
280
985
1141
1798
398
251
594
649
1115
723
554
1667
1391
947
2142
358
301
1325
433
1933
778
1897
821
195
843
526
756
1460
1538
1045
332
1064
1025
344
1527
1970
969
470
174
1297
480
2110
453
272
1843
2139
1154
732
1830
2233
1212
1393
1563
346
269
1032
790
110
894
34
525
699
1386
240
687
2135
181
892
2089
874
1402
118
236
1232
234
171
2734
962
1463
720
141
420
761
1258
1040
2144
17
2540
1178
928
2338
1983
881
2370
715
354
1811
1382
2566
2599
776
197
1521
1187
1808
1159
361
2763
1748
1745
1377
138
625
2305
883
286
694
2239
235
1315
954
2483
1955
413
1437
2532
2117
178
913
275
214
2003
1892
1204
553
2039
124
475
755
329
1005
1173
2196
1035
600
1519
2607
722
111
239
1414
1349
930
861
863
1599
1517
2123
611
1183
1554
2564
644
1488
2306
504
1163
940
839
347
1522
934
799
987
1240
565
58
77
1662
938
1938
733
2597
1290
1713
1104
218
243
1994
1520
321
2432
887
499
777
2749
1055
1043
469
660
628
1330
206
1430
2049
127
1771
837
1075
991
952
1197
1964
613
209
712
524
156
986
2161
2116
2045
1649
1121
1433
1407
763
924
1766
1415
1291
177
921
2088
614
2221
576
902
569
897
572
1686
1077
792
1829
2297
3161
911
1027
466
639
743
2026
752
372
2246
848
1084
677
317
2330
563
2279
826
1666
1301
313
994
842
645
767
1642
1029
76
1276
1261
1177
486
1134
488
519
303
2445
744
1356
1138
564
2050
697
728
439
1550
1344
1028
2433
956
1989
1823
1661
2838
442
541
702
2032
1156
1041
457
2319
389
1263
316
2051
797
678
530
665
1513
508
568
1122
824
1749
850
1585
716
1612
1071
487
566
717
1329
1387
1093
1656
751
2546
424
2595
1030
3020
1355
520
298
1434
772
2707
322
2745
1299
900
2327
2831
808
1598
288
853
2874
1222
414
1220
549
683
450
1541
1454
2865
245
793
2440
612
2046
851
698
706
2541
200
1959
2924
1607
253
1975
401
1525
608
1754
729
383
2227
1626
1484
1566
1778
1383
126
2008
1758
1026
1300
1155
1334
1436
